0018 = 0 0 192 108
0019 = 0 108 192 108
0020 = 192 0 192 108
0021 = 192 108 192 108
0022 = 0 216 192 108
0023 = 0 324 192 108
0024 = 192 216 192 108
0025 = 192 324 192 108
0026 = 384 0 192 108
0027 = 384 108 192 108
0028 = 576 0 192 108
0029 = 384 216 192 108
0030 = 576 108 192 108
0031 = 384 324 192 108
0032 = 768 0 192 108
0033 = 576 216 192 108
0034 = 768 108 192 108
0035 = 576 324 192 108
0036 = 768 216 192 108
0037 = 768 324 192 108
0038 = 0 432 192 108
0039 = 0 540 192 108
0040 = 192 432 192 108
0041 = 0 648 192 108
0042 = 192 540 192 108
0043 = 0 756 192 108
0044 = 384 432 192 108
0045 = 192 648 192 108
0046 = 0 864 192 108
0047 = 384 540 192 108
0048 = 192 756 192 108
0049 = 576 432 192 108
0050 = 384 648 192 108
0051 = 192 864 192 108
0052 = 576 540 192 108
0053 = 384 756 192 108
0054 = 768 432 192 108
0055 = 576 648 192 108
0056 = 384 864 192 108
0057 = 768 540 192 108
